==============
Simple problem
==============

This example demonstrates how to create a graph, a filter and analyse a signal on the graph.

>>> import pygsp
>>> G = pygsp.graphs.Logo()
>>> f = pygsp.filters.Heat(G)
<class 'pygsp.filters.Heat'> : has to compute lmax
>>> f.analysis(G, G.L.todense(), method='cheby')
        array([[  9.45942763e-02,   3.91547265e-02,  -3.04955596e-03, ...,
                 -1.93095364e-13,  -1.97392541e-12,  -3.73244314e-13],
               [  3.91547265e-02,   1.28789934e-01,   4.27614803e-02, ...,
                 -2.47216373e-13,  -2.55910430e-12,  -4.78435414e-13],
               [ -3.04955596e-03,   4.27614803e-02,   9.81701356e-02, ...,
                 -3.47483614e-13,  -3.51152229e-12,  -6.70036410e-13],
               ..., 
               [ -1.93095364e-13,  -2.47216373e-13,  -3.47483614e-13, ...,
                  2.59164556e-01,   6.11932320e-02,   7.71826422e-03],
               [ -1.97392541e-12,  -2.55910430e-12,  -3.51152229e-12, ...,
                  6.11932320e-02,   1.34135107e-01,   5.07519250e-02],
               [ -3.73244314e-13,  -4.78435414e-13,  -6.70036410e-13, ...,
                  7.71826422e-03,   5.07519250e-02,   1.34536034e-01]])
