==============
Simple problem
==============

This example demonstrates how to create a graph, a filter and analyse a signal on the graph.

>>> import pygsp
>>> G = pygsp.graphs.Logo()
>>> f = pygsp.filters.Heat(G)
<class 'pygsp.filters.Heat'> : has to compute lmax
>>> f.analysis(G, G.L.todense(), method='cheby')
array([[  9.45942763e-02,   3.91547265e-02,  -3.04955596e-03, ...,
         -1.93095356e-13,  -1.97392540e-12,  -3.73244310e-13],
       [  3.91547265e-02,   1.28789934e-01,   4.27614803e-02, ...,
         -2.47216366e-13,  -2.55910430e-12,  -4.78435412e-13],
       [ -3.04955596e-03,   4.27614803e-02,   9.81701356e-02, ...,
         -3.47483610e-13,  -3.51152227e-12,  -6.70036411e-13],
       ..., 
       [ -1.93095356e-13,  -2.47216366e-13,  -3.47483610e-13, ...,
          2.59164556e-01,   6.11932320e-02,   7.71826422e-03],
       [ -1.97392540e-12,  -2.55910430e-12,  -3.51152227e-12, ...,
          6.11932320e-02,   1.34135107e-01,   5.07519250e-02],
       [ -3.73244310e-13,  -4.78435412e-13,  -6.70036411e-13, ...,
          7.71826422e-03,   5.07519250e-02,   1.34536034e-01]])
